0 1
0 1103
0 126
0 129
0 130
0 131
0 132
0 135
0 136
0 137
0 138
0 143
0 144
0 146
0 148
0 152
0 154
0 1567
0 157
0 1597
0 160
0 161
0 162
0 163
0 164
0 167
0 168
0 1699
0 174
0 177
0 181
0 182
0 183
0 184
0 186
0 190
0 191
0 192
0 193
0 195
0 196
0 197
0 198
0 208
0 223
0 229
0 233
0 236
0 237
0 24947
0 24948
0 25696
0 26091
0 2681
0 271
0 2782
0 293
0 299
0 300
0 306
0 307
0 308
0 312
0 317
0 325
0 354
0 358
0 387
0 388
0 389
0 390
0 391
0 393
0 394
0 395
0 396
0 41639
0 42461
0 42465
0 44116
0 44289
0 45196
0 454
0 455
0 456
0 45669
0 45779
0 46166
0 463
0 464
0 46492
0 46606
0 46612
0 467
0 46719
0 468
0 469
0 474
0 475
0 477
0 483
0 484
0 485
0 489
0 493
0 528
0 529
0 538
0 540
0 541
0 550
0 559
0 58830
0 5975
0 623
0 662
0 7097
0 720
0 724
0 726
0 744
0 746
0 747
0 751
0 757
0 777
0 856
0 861
0 899
0 92318
0 92367
0 937
0 94808
0 97723
0 97778
0 97941
0 98804
0 98807
0 98808
0 98816
UID PID
24 256
55 472
65 268
70 457
70 59425
70 69407
74 95076
88 25337
88 267
88 760
89 2683
89 45620
89 522
89 863
97 778
200 776
202 238
202 270
202 304
205 170
205 458
205 459
205 460
205 461
205 542
213 25419
222 45150
235 734
240 153
241 194
242 25897
242 386
243 780
244 175
247 42547
257 92354
258 426
259 491
260 530
260 771
261 188
262 392
262 7096
263 227
265 539
265 774
265 905
266 165
270 45107
270 45129
270 45130
270 45131
270 45155
501 1058
501 25385
501 25695
501 25698
501 25699
501 25700
501 25702
501 25703
501 25704
501 25705
501 25708
501 25709
501 25711
501 25713
501 25714
501 25716
501 25717
501 25718
501 25719
501 25721
501 25722
501 25723
501 25727
501 25729
501 25730
501 25731
501 25732
501 25733
501 25734
501 25735
501 25736
501 25737
501 25738
501 25739
501 25740
501 25741
501 25742
501 25743
501 25745
501 25746
501 25747
501 25748
501 25749
501 25750
501 25752
501 25753
501 25754
501 25755
501 25756
501 25757
501 25758
501 25759
501 25760
501 25761
501 25762
501 25763
501 25764
501 25765
501 25766
501 25767
501 25768
501 25769
501 25770
501 25771
501 25773
501 25774
501 25777
501 25782
501 25783
501 25784
501 25785
501 25786
501 25787
501 25788
501 25790
501 25791
501 25795
501 25796
501 25797
501 25799
501 25802
501 25803
501 25805
501 25806
501 25808
501 25810
501 25812
501 25814
501 25816
501 25817
501 25819
501 25820
501 25821
501 25825
501 25826
501 25827
501 25828
501 25829
501 25830
501 25831
501 25834
501 25835
501 25836
501 25839
501 25840
501 25842
501 25844
501 25845
501 25847
501 25848
501 25851
501 25852
501 25853
501 25854
501 25856
501 25857
501 25865
501 25867
501 25868
501 25870
501 25871
501 25874
501 25875
501 25876
501 25882
501 25883
501 25885
501 25886
501 25887
501 25890
501 25891
501 25898
501 25919
501 25920
501 25929
501 25930
501 25931
501 25934
501 25935
501 25936
501 25943
501 25946
501 25947
501 25949
501 25951
501 25952
501 25953
501 25954
501 25960
501 25981
501 25983
501 25984
501 25991
501 26090
501 26092
501 26184
501 26268
501 26291
501 26292
501 26293
501 26294
501 26295
501 26296
501 26298
501 26573
501 26574
501 26577
501 26578
501 2674
501 28394
501 32483
501 32799
501 36254
501 4074
501 41425
501 41534
501 41852
501 42030
501 42035
501 42042
501 42121
501 42126
501 42244
501 42436
501 42445
501 42449
501 42470
501 42473
501 42475
501 42477
501 42479
501 42481
501 42484
501 42510
501 42543
501 42549
501 42551
501 42555
501 42556
501 42557
501 42558
501 42559
501 42588
501 42692
501 42803
501 42804
501 42812
501 42817
501 42823
501 42828
501 42902
501 42944
501 42945
501 42946
501 43010
501 43121
501 43127
501 43128
501 43136
501 43140
501 43141
501 43155
501 43156
501 43213
501 43214
501 43217
501 43373
501 43551
501 43697
501 43771
501 43775
501 43788
501 43789
501 43792
501 44001
501 44125
501 44290
501 44902
501 44903
501 44911
501 45138
501 45153
501 45195
501 45200
501 45214
501 45255
501 45281
501 45613
501 45614
501 45617
501 45618
501 45633
501 45634
501 45801
501 45935
501 45966
501 46073
501 46077
501 46119
501 46206
501 46245
501 46249
501 46299
501 46300
501 46301
501 46302
501 46309
501 46310
501 46322
501 46323
501 46335
501 46338
501 46385
501 46386
501 46493
501 46587
501 46588
501 46589
501 46594
501 46595
501 46609
501 46610
501 46611
501 46613
501 46707
501 46708
501 46709
501 46714
501 46715
501 46720
501 46721
501 46722
501 513
501 53078
501 545
501 547
501 548
501 562
501 56520
501 576
501 578
501 586
501 599
501 630
501 680
501 704
501 729
501 772
501 872
501 921
501 98207
501 98220
